0.5
5 6
2.143835349310077 -6.797280286148362 -4.849325863550623 -0.7731343554474072 0.578711771309746 3.8738863907433476 
1.310137391472331 -0.1786584729882398 -5.708718004671693 3.6525558969440315 -8.336249099434806 -2.2148043617610846 
-6.22188383333075 -1.795392799555622 2.388504833185758 -5.746481764239873 2.3408716637760696 2.2722442278898467 
-0.13433459689562657 0.805521781793695 4.41573534608911 -5.499562547824076 -5.692640592316835 -4.328302876732908 
-6.226099369602892 -1.2153298773434553 -2.5649956874750703 2.1927666079642534 4.238280315849794 -5.798138329093316 
10 60
0.7990011608494257 0.6060652720521362 0.6589809010272393 0.4967630065239558 -0.044760078618298095 0.4553708430201163 0.5742718114913623 -0.5211108727763195 0.3326969838104048 -0.34848279984084085 0.06664818173177578 -1.160790358747881 0.7769593792363809 -0.7461661740622085 0.29647633252484296 -1.3421872375116124 0.8357574119802941 -0.5321606794271024 0.8699619950466514 -0.7969724593917459 0.004201014336195503 -0.043955660152284644 -0.02389103591383754 0.5442617782705551 -0.4986360542776526 0.6537283185944167 0.14483886757233083 0.7797381387603417 -0.5325370994723572 0.6547444536168859 -0.5651504131198952 0.8514200690898381 -0.5033003562187939 0.6384025774731723 0.025009587724218768 0.538900331239696 0.23765819025036525 0.3499341425280805 0.5746483705041009 -0.07617010663228684 0.7410198029976246 -0.3543609089185262 0.6521049923616633 -0.8737812934490323 0.7405347463072611 -0.047621129068175755 0.8315965767912572 -0.403503849284823 0.6620549101074396 0.0508046195381523 0.8048909816508386 0.21069652792895655 0.3175532426923726 0.12586032587190182 0.024935822510538493 0.2355941949903592 0.3722061846132859 0.6552840453270157 -0.2895527138297179 0.8131890494808198 
-0.424274924516215 0.6091208011291915 0.060623057677499086 -0.690212428209387 -0.04434923507468599 0.2604934051456272 -0.1368967836471859 -0.6006858336658124 0.49041732054170384 -0.3932979281947379 0.15810422183460798 -0.401488152148793 -0.22320236932129775 0.38088123724595535 -0.13649875226086686 0.005295067418676216 0.38872224841277286 0.09378243687147954 0.6588734326843491 0.23235420377003602 -0.10028690907813068 0.11215952278789876 0.23169154714635726 -0.15875482063137855 0.4924792128348924 0.2266276484648487 0.821569267379225 0.5220462819186438 0.517963396584898 0.77965469089057 0.7892860800341825 0.033856853607889204 -0.1936865260876169 0.3395192159026826 0.5757072463864786 0.26374193449157635 0.5429359727456108 0.4615058470086363 -0.033539367292231004 0.5847443032913645 0.4068812540731969 0.052862705997561404 0.231178633702285 0.4923096345073794 -0.02998709827679753 0.36572801335976496 -0.5588875657546281 -0.2478215081688098 -0.3831308643020552 -0.2809659315452011 -0.0521741395981325 -0.469746585041265 -0.38520717540630495 -0.21935461493878478 -1.3197368977733044 -0.25001097176803694 -0.8947006986680937 0.039555829581549816 -0.9137174131757911 -0.1155417190825947 
-0.2780117533480535 -0.9530941230033089 -1.3874565486782102 -0.2432689681562005 -0.7797394155757422 -0.1778996331551731 -0.5384463610512827 -0.2755730991223853 -0.9248783803423161 0.27795254270740977 -0.6552303014267888 0.054335935769160064 -0.6441180458314181 -0.09160733307848143 -0.429706108920386 -0.04865091429774838 -0.12191884450974486 0.7646724396334039 -0.12175504955842238 -0.1189471444522181 0.3671082972626445 0.6545096782052268 0.463690364345444 0.09026224682691339 0.1859505675538464 -0.45964154925017237 0.3695484660388869 0.2781104793548684 0.6058262202051383 -0.6473281661062135 0.352001500320763 -0.6985945813626119 0.24595873093285395 -0.45456467686772584 0.7510408646320201 -0.3482695980490307 0.15405792370213356 -0.5171451431630093 -0.15521059786151326 -0.6735842150685188 0.5889009128666693 -0.36155004576888905 0.7960210186602771 -0.3063536697043126 0.11706761544930232 -0.0787737343377963 0.3257540114411843 0.21913872391449246 0.2840848241957175 0.21223025702935536 8.526578989600495E-4 -0.33970755830693955 0.4331847130353462 0.15781300913271287 0.3219699843594589 0.4297621476315738 0.5693444827503948 0.23780852875600608 0.5239617931510093 0.0940783781757442 
-0.2357532202653818 -0.13445990331054045 -0.29195319467212644 0.2283640822839212 0.0015000845232904594 0.4790231391930758 -0.6048733444538645 -0.07778550965840247 -0.39559973062063164 0.6248248858574625 -0.11811602025768034 -0.2129744798302607 -0.8034593654602514 0.19964883090883853 0.021772520367094338 0.014666927852669773 -0.028977448115030394 -0.1692795323220243 -0.8054448051586647 0.24298596061023892 -0.3690620212556058 -0.31946289529176886 0.16851478112368537 -0.12029948836738802 -0.6559308216571538 0.08272999979924658 -0.658072053356186 -0.6827425940362702 -0.4856759557193072 -0.4966517928304158 -0.6773548449763493 -0.6762741342831475 -0.1917158810597518 0.06380745335758607 0.06997053024602456 -0.18354710584863793 -0.14750925888507777 -0.4928154853540267 0.2735037760049081 -0.433954825750401 -0.1325445336054423 -0.5793912987864857 -0.00625934672542634 -0.38465276097422246 -0.11569008365688287 -0.20200273311394815 0.2018358876313004 -0.32226579622891366 0.5571075852700168 0.4259312143152499 0.48364340636186154 0.3341797575201713 0.9329664827332139 0.26424904921856135 1.1724787889844166 0.4855804566315353 1.0101812826286118 0.04278848261853308 0.9666367375674239 -0.06105094621186954 
0.8468104680498342 -0.47246202693559425 -0.002567080433513136 0.2123475294075216 -0.5750140221560116 0.5109978226493703 0.16502115047315566 0.7230187071160192 -0.00680573085125466 -0.23376394739103776 -0.14379399857305586 0.5640854457554015 -0.685406996116696 -0.2049309492409905 -0.6451302180695698 0.15946773113349752 -0.6043223341513144 -0.31349408368100584 -0.8280241229152979 -0.14644521920597234 -0.8771022718584219 0.11884059716687209 -0.6271248423484727 -0.47626784410940065 -0.5892592986525721 -0.4360091915799037 -0.4176965830589044 -0.13735975066494926 -0.8767421058256576 -0.33626093988138883 -0.06367830441419205 -0.21589398957930775 -0.8622257731007434 0.22034340263385083 -0.30980168803978003 -0.28453812673038237 0.021416264570288585 -0.30707699813482814 0.08704557933734362 -0.27515162226324563 -0.12697465694006474 -0.25779281603153886 -0.41129991978822217 -0.16675649282502528 0.0762686788395037 0.4425208815672764 0.334978330836831 -0.3808197752756376 0.01633123071241435 -0.08653149800625239 0.11717760095894726 0.6871700793147489 0.45810582643734205 0.028075416725904835 1.4771372433179817 0.9345709090168844 1.289617885920927 0.37987567545468987 0.870644925837481 0.268733229691005 
0.3879644828396049 -0.8296895513785184 -0.3766947260860187 0.13866221258745917 -0.9080516746359352 -0.33594649766263623 -0.7953497913415837 0.4909098243771469 -0.8778462199372423 0.4604162628739201 -0.24232673051775208 0.513635121094913 -0.4841979244990837 -0.08317877203074889 -0.5005606685201952 0.032700342352199444 0.04579771358612641 0.1840173387328177 -0.15286894489642536 0.552108822886398 -0.4973667663745311 0.08052154374834535 0.4144494097100454 0.27118618216192875 0.11256767383976322 -0.039258610274529995 0.6771787861802183 -0.08042544364631164 0.11943405726844754 -0.07587485924545868 0.5755659219570438 -0.6922460966540103 0.0157424251683882 -0.21754513340739423 0.024945227663523348 -0.552313399304178 -0.18288771912628632 -0.1768134237361269 0.03418690012744947 -0.28328487905409855 0.13274580071428072 -0.5146374420061302 0.10067246370628437 -0.2507505158293591 -0.09004757882217469 -0.02632184773005366 -0.3010031717691718 0.18118107576240378 -0.2351530635642865 0.15928416026373243 0.2768198635612941 -0.31342029069638033 0.40008880478208914 0.3687114806155918 0.15181361038396676 -0.015552834218831866 0.42716377531605654 -0.0660004014763749 -0.039220868600992866 -0.18185357587702455 
-0.3279103035506198 0.7359868392587253 0.7335452274774782 -0.25922780637643555 0.8573970220173803 -0.32284004987021253 0.027139758900492573 -0.8583856301889053 0.625164066669286 -1.009431295141514 0.1097133056775394 -0.28643473801681263 0.24766207170536592 -1.0729151246137663 -0.30679213359229535 -0.7730861574145084 -0.4066167990971557 -0.8826088871502933 0.21050416312807824 -0.3413605865076913 -0.5759775044892499 -0.23955313545677495 -0.293888376717601 0.288895325890757 -0.43362874755105413 0.23962192211352196 -0.3714442690494171 -0.02109641957261439 -0.5723531900802873 0.0054530475225499486 -0.34253897077933726 0.4311481058100781 -0.5894359714114468 0.010063127675466447 -0.34564437006388743 0.12933281444945857 0.3932313643759762 -0.11731097782726686 0.8048173198206344 -0.2324148852907301 0.9176186779655182 0.5027447158933237 0.6614790907073642 -0.5007119335741654 1.0000854460887474 -0.5205117387300994 1.5124319867058262 -0.13253767120062648 0.7531478512542849 -0.23639599169484124 1.1460255031377833 -0.36228114910843956 1.0370921420296455 -0.029944413821653092 0.7243439882443133 -0.10570690637958076 0.3804565721312322 -0.0012879247584091434 1.0905387864686382 -0.10280006136634069 
0.0932493528005583 -0.14217723892484868 -0.8247050263950839 0.17635025626412182 -0.13295792733440845 0.3591219022905061 -0.4119160400278773 0.7086541209375715 0.10640695668345751 0.44193712948408315 -0.005582707131574312 0.4766281317007813 0.36198123508501506 1.1483091613227365 -0.40484420998991655 0.8333650703000237 -0.17346411328843206 0.2258154718089759 -0.6005353418359831 0.9765402294037682 0.26890671223209583 0.052071935578804074 -0.03915918469471484 0.3778084264303964 -0.3159933771182196 -0.25125578756439193 -0.04852229779312034 -0.4574208960607818 0.275141649514133 -0.9124543089847043 0.29537825739827267 -0.3816077285374352 0.3479504526477773 -0.2859638261866334 0.36963879927885596 -0.6468700069678297 -0.5092035675282506 -0.30659073649219654 -0.7054338048934129 -0.24372730017919944 -0.47395937533674315 -0.29394776711277554 -1.1262217804532304 -0.2774015386102042 -0.3242009221166671 0.5503493052318148 -1.2877596667980884 8.38597526430379E-4 -1.0773258166061135 -0.2865962386018953 -0.49115425458708256 -0.004746587598259061 -0.6829057245042404 0.04016819679764885 -0.7811457702595899 -0.4284784873001846 -0.37005914844733195 0.09058319559443188 -0.3735475347446237 -0.22756147563346463 
0.8061958896849699 0.9789558660059212 1.062844809817217 0.5824974273787306 1.3332039164606395 -0.12777759513952272 0.9835865930624569 -0.16724257607207366 0.4637279698224044 -0.5650933573867849 1.1990008022063128 -0.17253955604792962 0.6475814212829506 -0.9559952395106046 1.0593022763998494 -0.23247617148845362 0.8767469329212922 -0.6468191608528822 0.08671037624403793 0.08497235689802105 0.4187491255357966 -0.5126853401039644 0.11267841949612549 0.46048117608954653 -0.4198735448058931 -0.20818849351782395 -0.12177909705159717 0.5787306548336081 -0.7735222394714564 0.07122214972399071 -0.8522234074559849 0.5818931088104253 -0.8560556902000519 0.7997119236002684 -0.667602526250146 0.6159247541194255 -0.194778069954188 0.06688287903217052 -0.5133759173359977 0.772642882842376 -0.24089240335022646 0.46497871614746417 -0.7670420507943436 -0.328292775470592 0.09413270880490901 -0.4788884694778701 -0.2760760139479464 0.17903127263681268 -0.04589587308906431 -0.6472444916408245 -0.09140878402457354 -0.07741657767148108 -0.6873832139120437 0.01198652602962791 -0.0799730715437214 0.21686926187677516 -0.03114633460173549 8.772686319749633E-5 -0.0013087519608722808 0.058320049867178925 
-0.2854729978779696 -0.36876982333584696 0.2958246049691281 0.05192253045378401 -0.12313463354697135 -0.647396245858051 -0.05941802978719102 -0.020684719319210194 0.41249976901843377 -0.5559283417423204 0.18270466405038246 -0.3015702677050309 0.7145350290852767 -0.1986467435762622 0.37887467101235717 0.33958475132929955 0.4110228253457683 0.3773677312697771 0.19454787969389517 -0.36047451185019896 0.6912401549632298 -0.08760114919292371 0.6207011953619919 0.5658386134269591 0.038025353569442394 -0.22026675279037755 0.42547385753568234 0.4131386407337099 0.32174389880087767 0.005502163474396415 0.25538516081848633 0.2974282723247427 0.27712221830960254 0.37563850437674184 0.412961229068243 -0.09743798252902283 0.7198350564403588 0.5404402188157511 0.4519598013994993 0.46378432980392137 0.2523396394069521 0.27846132001012724 -0.22613315749176308 -0.2690511943623175 0.1069314589426014 -0.5077502792327832 -0.0662278353731295 0.35797029176344014 -0.37971314511620985 -0.6160306039963014 -0.3018636974075001 -0.1740397391676007 -0.3735850720615394 -0.15167252188651542 -1.2794072101689262 -0.41144034851329486 -0.9054154020417453 -0.7089999106609494 -1.0871628055042517 -0.41658158656297195 
6 10
-0.8697842857832572 -0.9791840506506173 -2.525193038018513 1.301340727953261 2.446485039796032 -0.960653091399438 -2.4290590213456587 2.806223783117186 3.589369721130857 -0.8193722121767308 
2.569705121230682 0.7515893771232008 0.2588461530796388 -0.7082317061471991 -1.1539790957042169 -1.0710254611695473 2.034088581602544 -0.493775504706008 1.685244357269841 1.3693947142820067 
-0.06745532404636902 2.1285701368901373 -0.1530961593321866 -2.4608105159771743 -2.4034336477685403 -0.028786421538942335 -1.171076942971995 -0.16907591028108368 0.08553452009479377 2.6053190607329606 
0.38824147211346627 -2.405679683234376 -0.312979433176127 1.9377450984029245 1.5740473579209597 -0.3468245789644035 1.6250385180931344 -1.217794278983811 0.9265257959174343 -1.8602579048867078 
-2.397325476520307 -0.17380995508844913 3.0380077117303106 1.267333078028424 0.62564044460432 1.7288081942110927 -0.06634923730994476 1.3385878254258612 -3.8287957045730137 -0.1823246771232603 
-4.1847726414402375 0.10455297332422454 1.2013522563617407 0.3409822250519431 -0.44432464972744673 1.1242811004943567 -2.697737331874727 2.3522695070836566 -2.676446325721414 -0.1968119112246864 
