0.5
5 6
-7.002843104971722 3.4896539621026093 -1.844322857190825 -2.4741821942575126 -6.8463375130026245 3.4964342074481283 
4.472562162801896 -1.1017552282421317 -7.721206131764505 1.6340251628441582 -0.11169674304089569 -5.726277233533569 
-4.09964159024446 -7.31610063729873 2.888307298079457 -7.140151070610788 2.625540666385334 -0.5139553210222958 
-2.89256856008692 -6.482300793337845 -5.731242805507943 4.291493124216096 -0.2315180027926273 1.1782231479119132 
2.574064697110616 0.9374741258391781 1.609043244835126 -4.144353531554846 -4.491057676542377 -7.408898315367629 
10 60
-0.03197924420555829 -0.9064894836182587 -0.9006540507985719 0.2682444985784937 0.024047856737350243 -0.37009563476481083 -0.7240591753055801 0.4311375133241436 -0.10278608904582268 0.351039359085524 -0.19452385377767423 0.5600089753991803 -0.359594978704544 0.9897067041630847 0.2557511570901651 0.9914276699479347 0.10983056499294347 0.5336815101358318 0.5770596726198525 0.018981630779304655 0.16152026770138675 0.5043334772873022 0.18403234840647306 0.3209506830383326 0.6130594382775555 0.029222742416906897 0.5146279668311499 -0.3522730220927436 0.21390251274209662 0.19990841391293482 0.5162217587085582 -0.43386863859166885 0.051547078469906006 -0.5096641781255908 -0.14005349393334468 -0.566467959301991 -0.013136278652626789 0.40163971978913177 -0.22410255249065505 0.25302235888422314 -0.8272812813220077 0.3992647481566982 -1.0547052498536724 -0.30258922258515614 -0.9836777609994213 0.3026842592246319 -0.7638247635308014 -0.14832790052848688 -1.192091422370348 -0.01961109520817798 -1.2641527900250555 0.04332025259924929 -0.7884537197358119 0.23362226186004242 -0.7193117917929449 0.4463808668783078 -1.0997054128183026 0.36716359228125695 -0.5322433871415233 0.11975343254909726 
-0.7532269768772978 -0.051927596374891694 -0.016380079473309588 0.01618088819802146 -0.3376348952552722 -0.4789805526608815 -0.6520314555648058 -0.4895878312472035 -0.08336454849071737 0.4703714791819878 0.3533070073414814 0.04007883385249508 0.4479809640058426 0.5370625096554115 -0.47272260837915286 -0.04033480418837698 -0.052568896707639846 0.4657953395148991 -0.15391300145509562 0.26523605366736497 0.35848283299799966 0.0038468043124711138 0.24843699427616764 0.01161496175123277 -0.03579692440546904 -0.16563165923790582 0.9098507058191174 -0.04250366710118583 0.279151621364117 0.22767595932841084 0.6816737028512228 -0.5422865074640284 0.499222087958822 -0.5960338210994428 0.1789643213650463 0.26749061065124075 0.148743962928913 -0.07888688804561267 0.27588410622982007 0.3465423432628448 -0.408819421023507 0.17954211739370673 -0.5011446365064938 0.05358185576880028 -0.647167407860625 0.051069879570482 0.019601880930258143 -0.03989712789941525 -0.9832995372484558 0.45748721630805317 -1.0484336161649475 -3.5808881037350306E-4 -0.9376057741199875 0.14391111910111834 -0.4815998206314379 -0.5872155639240708 -0.659212206703542 -0.16315405343168254 -0.4320237440997647 -0.1918663915104441 
-0.08216846891292444 1.0816451248595584 1.1662361564500028 0.47085934106396704 0.7720513823203171 0.11881682091449237 0.5608259106316036 -0.4505976661957343 1.0749001617287195 -0.015429001455066052 0.3055255863218017 -0.48552377254084084 0.3626210268044379 -0.5238947875543809 0.9552103579353659 -0.6876866735692025 0.1352678493148891 -0.5181290765525011 0.2119998589486962 -0.36266865731756337 0.37405429644771787 -0.23901956013679201 0.12173759862188566 -0.1621046993175602 -0.3130125821903723 0.7237618489735925 0.10792811391828898 0.15683693740988197 -0.7292441166691053 0.32645911084185303 -0.3278330969518246 0.5007306892139021 -0.6659265485413273 0.6693036985024553 -0.47532727093094146 0.4336122907102964 -0.04234975298193051 0.3025407498944463 -0.3661766981762432 -0.00794963051218375 0.16927767658551765 0.19172584987441701 -0.6694883868253675 -0.10027022305133014 -0.19703998559040672 -0.12990028283798966 0.10880837818675994 0.1663022359204015 -0.08450971900718343 0.21655267408825274 -7.3115037356649E-4 -0.662742990782156 -0.2257653903984665 0.1827632763593239 0.005095911278386101 -0.5897378610755449 -0.7805163925410428 -0.10819653690928578 -0.7209014357576786 -0.5802483890833784 
0.05007201806911877 -0.6052907612211426 -0.5056012606869001 0.40887224686809276 -0.4936858410610236 -0.3917816856921804 -0.5964163765732335 0.2012328726573113 -0.2178228346609447 0.6178856741994287 -0.3243337593411861 0.6545213870630693 0.3587257098728234 0.9670735643204067 0.30383034390997127 0.8882791032133917 0.04591966067731881 0.3423748106147943 0.14951834647861537 0.33522965333152627 0.18245922668377598 -0.09160495577796714 0.4769877321220173 -0.03278149330383736 0.4875176599573964 -0.11064588018735817 0.15094026837381921 0.019336030857404013 0.550816498588135 -0.7149654519796085 0.5846904871172476 -0.843064334579094 0.6619094855123872 -0.04417987338156359 -0.22880551899393964 -0.2898721550948185 0.21644806961554366 -0.23669951798674424 -0.7416611096772608 0.0360804920515718 -0.5620220164091909 0.2889516090177379 -0.9466019245639056 0.21589183718339094 -0.29645913069474145 0.16240955490833733 -1.04313668941768 -0.14561049863987785 -1.0455539420127482 0.4817765091125437 -0.43442875440708606 0.3138933363799025 -0.6221974570109821 -0.2850946296187811 -1.025894223771462 -0.1637862634596422 -0.7785050317474792 0.0947334217365214 -0.6769846921472447 0.11892508590779756 
0.3530411936512311 -0.9941917194367202 -1.2545948205921382 -0.13715295424729979 -0.635400781623913 0.008195976627667446 -0.9408236229800963 0.16669004736646034 -0.49256161105752483 -0.020555286186573516 -0.631265712510888 -0.12717485202604173 0.06448142216041565 0.775176273322441 -0.11178192311171477 0.2673549478273078 -0.03622485408009339 0.2027824365090028 -0.42860805636802396 0.014929398080550263 -0.1357933379205691 0.4032983345956771 -0.3278774750346083 0.34616312761337337 0.22562214193126068 -0.037171482279086676 -0.1401794218274327 -0.07220224536685671 0.7187570181288708 -0.7177878060308365 -0.18803608366871374 -0.21220320367712553 0.07690266528142575 -0.5086009314018752 -0.03780897030504873 -0.5613900233211792 0.6465079543013986 -0.5348308510463753 0.3803469090396068 -0.19101595360587775 0.11875421181226303 0.0684555754820093 0.5846180397034855 0.43485379172261884 0.7137343960845508 0.06331221773485549 0.6821037237541865 -0.35425775463030856 -0.0015869618926612407 0.574720579939192 0.06391952268918588 0.3932508345612247 0.3614018563010337 0.5518619995465469 -0.040868397424440546 -0.010766827429038 0.07707414094659422 0.18290488827112591 0.501046443062301 0.08323614714626315 
0.22265077470805128 -0.007710903689427079 -0.49453834665548907 0.3757610366358602 -0.6075352211490145 0.2596911595413348 -0.7169967743338361 0.6526153615294121 -0.7080512929947084 0.7833611193172141 -0.5913627377798247 0.2916679376064354 0.026782138865752935 0.6548606761403497 -0.6979909503649173 0.5845429347720473 -0.42955739881262 0.14595439126092005 -0.5101491349974062 0.603151879480692 -0.39150457407110983 -0.03543767746191173 -0.3737892364050033 -0.27434933925870036 0.06431166705127542 -0.2412675751802309 0.24843220874325447 0.020448964000387107 0.24754725228081415 -0.39229363472683604 0.3735580620963397 -0.3818048370919882 -0.20860318403242226 -0.44588030753158053 -0.4260042487246432 -0.09462416997162298 0.37137903289276886 -0.35736588417201864 -0.13763813180966888 0.3350411646312768 -0.18371724433132533 -0.4388241147434866 0.16660486554698886 -0.11242156465607277 0.027193222066790992 0.11139833152189638 0.2149303660891206 -0.39837725596494433 0.08200412414843712 -0.17438158876796478 0.6651430106657829 -0.3695279513866147 0.429475118260005 -0.3563944623955432 0.8236716550988448 0.0149077199070163 0.01224151645969859 -0.3673462854412273 0.8544853496173231 -0.002640562295576708 
0.13693202707835384 -0.4757668926792615 -0.1848513509448081 -0.6645473198765556 -0.4763230701851811 -0.5632594623958592 -0.3813571439865034 0.2921514728447601 -0.19319180082506404 0.39848736231104626 0.14299286902910519 0.26729173881627166 -0.4785311421056566 -0.04354720335278331 -0.1796135817691008 -0.06496625728692913 0.32060786691542525 0.22729738861551724 0.1155892161159413 0.3310717983552498 0.2915843219048384 0.20323890642589076 0.8452054317399116 -0.350599751999975 0.23036936690540702 0.1954560757892297 0.4321511217694959 0.28101297787272417 0.58256116203004 -0.5007852519527775 0.49787728105249845 -0.5901387267135998 0.7460703682128493 -0.2661939219731012 0.3417815113965121 0.3243229375690352 0.34243938211154423 0.40089715011890875 -0.6044965577019923 0.05096301296033501 -0.6910739481295313 -0.08088597389760085 -0.7919378777992745 0.3190369370136581 -0.09481963047825585 0.6228323779605892 -0.5046504180026775 0.4198432180461649 -0.7908839366828115 -0.20124321585779376 -0.6464131938029826 0.17320316234100228 -0.66066167576484 0.033837373108113425 -0.3818711429643728 0.07415979428827944 -0.9464571898546807 -0.15442508591702306 -0.13296011950027034 -0.4163379547964294 
-0.05909226293458581 1.0240447225410416 1.316322595001394 -0.03343333219329446 1.062737409000031 0.07975390649131073 1.1682018756353958 -0.061332821999823844 0.9830836781997291 -0.04406725785755652 0.7362552562591991 -0.20991470776133495 0.9665119480124376 -0.20887221772182277 0.13831418831872458 -0.47184170087386923 0.3087676606556062 0.03271352610070326 0.6029748989326709 -0.5301356887860762 0.09316916634923819 0.28461120949396035 0.20773287046914865 -0.3064762993606399 -0.4378325412624478 0.2776224759947619 -0.7044634429332232 0.639294938466656 -0.2964786215161285 0.5122474655920478 -0.3633865507136877 0.15075913052073353 -0.1554902607304907 0.8510991858635867 -0.04967219346303046 0.7204395065951408 -0.01166512351795512 0.3337686933226465 -0.3168525431912019 0.5509333131150832 -0.011518631893015519 0.4183217460364434 0.14110262921898786 -0.4776657487111569 0.07006067522204128 0.03846225130892626 -0.7270932975364901 -0.14340709306828495 -0.09769493539676898 0.11979120923907081 0.009854250142413284 0.018907090090469283 -0.5933960849804536 0.13370447436918648 -0.40992817844690593 0.08474424885604318 -0.24814204218239555 0.04329248189995228 -0.19199813752998718 -0.09997185722319267 
-2.4197889577175707E-4 0.4091259503230814 0.4988257805912357 0.2374015165113508 -0.1333911713178275 0.15708783263495749 -0.30245511177209583 0.4272833703195205 0.24955783195153133 0.341051374158722 0.43072452217618135 -0.40014950932500676 -0.3558703925522633 -0.05795300013579145 -0.14052099459106482 -0.6181189938534463 -0.080497164210913 -0.05523684476031247 -0.056584498913859284 -0.43451448188794256 -0.32319388252542264 -0.4028926266083661 -0.5171707779652415 -0.45162157369379374 -0.3537511128234593 -0.21644471076099359 -0.1287957971505215 0.40936012809315303 -0.12859718966065256 0.030442663736829436 -0.3277211759874069 0.09527420821882136 -0.23086606190840292 0.22211899197885154 -0.48403996206414956 -0.3871967620661664 -0.46165356878729896 0.10421138002535368 -0.12349318198047378 -0.34808957520503936 0.09800950266495351 0.2361412985175335 0.07692123609690617 -0.2797487234448634 0.577117644333609 -0.13058294070597742 0.5375999419078249 -0.22067698382243092 0.9177509357508684 0.31056971805707617 0.4207894254687011 0.4345197424976017 1.0883487861411025 0.616257434841414 0.8752599999473524 0.526683045732129 0.8753395564307151 -0.3408327726757593 0.9857018648168276 -0.08764267115496224 
1.0205001567364558 -0.5171351432176039 -0.5934654584907486 1.0185017245176473 -0.24180826227817623 0.8673960151285373 -0.6938354607801476 1.0133376318613685 -0.7126333340265809 0.6385150549872243 0.0025854156018869133 0.7807710862882192 -0.6358627213336054 -0.03354647941661337 -0.7531130781723077 -0.08486973187182652 -0.7334020102949497 0.5545207643733485 -0.6005794266925918 0.6158701107219732 -0.13817827422015835 0.2015948578472153 0.26087198614273127 -0.12698852073490494 -0.625195136466508 0.20966782685042396 -0.5510064996340034 -0.3373575428553588 -0.6284677861389848 0.049947025620604026 -0.25255754338771463 0.17661556322492206 -0.583882621776034 -0.37738237022370147 0.06526249625908181 -0.620739447422901 -0.7011764157295804 -0.0523587871174912 -0.4621897973401399 -0.16728302363058747 -0.39034139693986225 -0.047981631255978395 0.32923435354837816 0.021883376016006303 -0.042376735893281746 -0.5470719969952073 0.6450258151439979 -0.5043649303964707 0.39203068704725186 -0.0501852504776703 1.008174217479138 -0.29424622053844496 0.5326388539600119 0.49328209378282245 0.9866282383000334 -0.053475279474982915 1.016831149992292 0.25929523919953035 0.6559821853406766 -0.27617029960378353 
6 10
-2.641674489272999 -1.8391941309904802 1.9208440947499752 -2.2746529970186513 0.043797467395304775 -0.15115821215885178 -1.6583323097950657 1.773644880761973 2.727124347626238 0.931130377469151 
-1.4165735017616123 -1.4711391168737367 -0.7303556623492837 -1.0615965970555505 0.7317453852278679 1.5522999520819527 -0.9713753367251634 -0.11436402220163928 2.909349070326815 4.13659235263767 
0.48898045515016275 0.3414426298081232 -2.588892997277997 0.7058124267403864 2.205799241380356 1.7877215373684423 0.7961421257585427 -2.814350297547916 -0.11125935238648686 0.903181613141462 
0.02481271604203516 -0.6602717415451718 3.3460354394939507 -0.7736878893301431 -2.4069203761991913 -1.6504480296939368 -0.7203258418100635 3.2988264887425043 -1.2379062089063877E-4 -1.0504588783900775 
0.4019046601700915 2.049155538878582 2.4232084580301754 0.2554161147168819 -0.6105650194012796 -1.7306149593196212 1.6063657389107284 2.225934908140235 -0.35112529208211424 -3.692388166210256 
3.1952513384847565 2.154983430819055 -0.5965890481235099 2.9553399787115637 -0.6208720002662983 -0.31158693326004233 2.172951197018057 -0.7020485166513578 -2.0965967591161094 -1.4198561107516219 
