0.5
5 6
-3.3364704440088615 1.723453550892616 -6.832682796299119 2.975704125440026 -6.76788413905208 0.8482372940251803 
-5.1980802461667315 -7.493714909300596 1.9460734474985588 -3.7120043064849715 3.4464574673041173 -3.078520367648906 
-2.590506382157847 -7.069339434003035 0.9321063440245598 6.243449869010305 -5.205102114631649 -4.376242734731639 
4.046461584121169 -2.4861373475190542 1.3545696786644243 -7.742824018657421 -6.4476736825182455 -0.3984542330312396 
-3.627816240150916 3.11728457772771 -6.736018617326957 -4.4532765060821555 2.6067922290539767 -3.709575763446215 
10 60
0.8241686470275496 -0.1153326316281195 -0.23089253170799875 0.5079294980708364 0.044413287321756846 0.4515038165697386 0.15802759730633925 0.7470336460428387 -0.15296405299275406 0.6515575373492711 0.17593511119905142 0.4222932997496663 -0.5589479446666821 -0.11446212266595189 -0.6914227105099173 -0.1032229373164034 -0.442660950170657 -0.19255224155494882 -0.6621902013710188 0.23475528503425597 -0.6007931001644642 0.38654639510954497 -0.5757121195418394 -0.4965499497112612 0.2184799147589893 -0.5037629324344806 -0.4707253998724505 -0.42974113543153636 -0.23531970512481612 0.06598049272711798 -0.576771194591896 -0.5095415971000549 -0.34006841900160384 -0.41475168958595876 -0.4448189453369154 -0.506002329856941 0.057293798931211316 -0.15104121418338465 -0.19100364182408944 -0.1003102408747747 -0.07198464165269274 0.22956807283258862 0.580895164729114 -0.41344571447823797 -0.10074374991018498 -0.31465777278123364 -0.014374306376222381 -0.2914277919935996 0.04507167882993637 0.13869727732573583 0.6792483134852736 0.49380034343868484 0.7821634207530348 0.6259217567704121 0.6903278951732136 0.5151998694813498 0.4225132661529549 -0.2960756370753097 1.152225816690685 0.14731160081404895 
-0.8492861181416034 -0.9458210996484576 -0.24391986403495702 -0.7904582930116626 -0.8629141184210716 -0.46718193547009174 -0.07474143999564066 -0.14072248772059207 -0.538427498299846 0.4290187122150095 0.07257684013950676 0.7409343999073612 -0.2898175559404901 0.6936199557830933 -0.41038607111575703 0.40647566277447017 -0.11851783083327233 0.8937541903701753 0.1789632305574748 0.9005443110659703 -0.2127349890620437 0.4159352876487236 -0.0745010501144835 -0.39591623070368154 0.009605327598711414 -0.5440572269372802 0.5070944743542113 -0.7793925337748726 0.5132085209378363 -0.7501033163014074 0.8283212147674359 -0.1352536192579724 0.4836089867662693 -0.6654830916481005 -0.18959562030077856 -0.4468684667179661 0.013446267830122864 -0.4418141933703882 -0.5827332743992178 -0.14215852309096166 -0.4563692319921608 0.43937803698518924 -0.9555439709348791 0.5601339894153968 -0.3164707781570973 0.09867008211265134 -1.0547776521868635 -0.18167475170983702 -0.18022685375176203 0.010475160314239467 -0.5403551556408062 0.013049401541367087 -0.7310225185567739 -0.04549901784344227 -0.25084558373255017 -0.4350856718187898 -0.5287336703682128 -0.4267369097149409 -0.7919735745821804 -0.23599021809100781 
0.26616867111476195 0.6054692404064064 0.9576834819961771 0.3284998138041742 0.7947496029431238 -0.13673484640815037 -0.12497242794470469 -0.49428694705324655 0.05370957231544172 -0.47450219332809407 0.2300628214057138 -0.6539518042529 0.23305432150260275 -0.7194313484532501 0.35068751550478205 -0.7384284243552238 -0.009525655080280335 -0.459556385619153 -0.5202222655058714 -0.3872294161070271 -0.15990476595636444 -0.5728877035254253 -0.091334508169817 -0.3979068876306226 -0.3534081034857639 0.37950710825298284 -0.3787899843021821 0.3171648859465463 -0.5976713055546675 -0.1493606548028279 -0.8319696205450567 0.6917181066568643 -0.20211233843750928 0.3048581229310583 -0.14644432355193912 0.4959660836920126 0.023299610596829542 0.24770479186817643 0.31734267659185195 -0.2617709121035005 0.8166087458144609 -0.46396011435433016 0.7176817987643918 -0.2922019697928281 1.1754074706519764 -0.46713129950800775 1.221265831012502 -0.1678061176322367 0.8483098307688262 0.08397429205601789 1.1187493830193964 -0.1605707007691122 0.44124837918403137 -0.02795258585763426 0.8716360926836675 0.07812970686844467 0.44293088838706846 0.29965701282309437 0.7385051300568287 -0.5460595386469732 
-0.041466529435460885 1.128727435890949 0.5458021954200876 0.40035459147849894 1.2813053010560713 0.19961410074833508 1.355946788888171 0.049452832569102344 0.5833816805948643 -0.3816565091796379 1.1660663531088025 -0.19013748546692172 0.6292781935789179 -0.7501697540634262 0.8439396176982453 0.08099394620665692 0.5620084432434189 -0.1063974102582153 -0.06940120539932361 -0.21956086907397426 0.02417694604590599 -0.3644981599616768 -0.28961620835840307 -0.28458495659796323 0.016538791711342496 -0.068285772075575 -0.5452306826265445 0.8387890181949483 -0.5824815045332097 -0.015769431560125946 -0.8350544103390984 0.7367184921812994 -0.3651224227363789 0.7699415628826066 -0.5923512231793833 0.9323712131105307 -0.26203334377639476 0.788854293058175 -0.15603861176124872 0.23074183688741917 -0.5555921116089506 -0.11494434793065841 0.07626927696973926 0.20602127362255127 -0.08726543208946642 0.19945713949291013 -0.2916695054197881 0.0967467417132437 -0.18386356495008324 -0.6364058110353633 -0.14447250130232217 0.13975534756522318 -0.2809491429994739 -0.722419451467563 -0.39171631357822895 -0.05382042383262475 -0.9179226194593181 -0.1727153151108669 -0.23378479328072116 -0.49685036841894886 
-0.05681348205401842 0.5497998610993733 0.7344726107981804 0.1698372552529416 0.8693073726841409 -0.2731059018903244 0.44642035331378055 -0.6453092443225046 -0.04598229574300907 -0.3636500983151472 0.10847686260091999 -0.5395316889984615 -0.03448483543067229 -0.7722819102998321 -0.3917793215674422 -0.2951636720766039 -0.10247646395913382 0.08655698961522999 -0.30302983925807736 -0.5134358620968432 -0.47515857062818556 -0.5356448955122666 -0.0012237655284295544 0.2737476890330005 -0.7950614989394785 0.21765379604365942 -0.5732597097754084 0.38739019615380904 -0.9010029773918372 -0.07489113309167994 -0.4853523864261901 -0.2921201067927646 -0.48529564299204053 -0.09284628583109011 -0.3020601002594326 -0.05049467689598483 -0.051343115653562255 -0.3990869322687441 -0.09687186282026088 0.09060657537191247 0.9189445187049692 0.06399429348355848 0.6365582651519235 -0.4473921085667218 0.4817381993648386 0.36695080854115675 1.0206221734640561 0.23113099163891204 0.5800071118965451 -0.4726803268031644 0.5867762878933712 0.1660249387169628 1.1243542939988223 -0.1466801497597694 0.5877466756011498 -0.28545823976984175 0.8688110331235811 -0.5392186607205587 0.773800610944565 -0.3565015832922514 
0.006252283837823105 1.360199411427267 0.9529844454797405 0.29727547669588744 1.417871215973095 0.08243520420109524 0.8613825470457915 -0.19488732315665447 0.5193273264727508 0.07551377358630466 0.989696489941138 -0.050320729979887624 0.752797032675353 -0.41702554722553464 0.5789105953544574 0.007557195164674123 0.39846807159682646 -0.7937758990057854 0.33537836862541887 -0.3865348539685568 0.3106166263186392 -0.6331821354673228 -0.4401023782387324 0.16372568843390373 -0.3840570595900427 0.05065289258204347 -0.40155341041144843 0.6530424750023774 -0.8655077684321395 0.6081088785153296 -0.9155771230747174 0.3926836962294951 0.07351887061987517 1.2086507700733453 -0.6497243592619696 1.185878947484955 -0.6894286316042036 0.34730388112630145 -0.42653443955742865 0.05499827681012901 0.16201762983150253 0.3727639778473042 -0.0892759558154374 0.1707814426843877 -0.34435043002050486 -0.34535636694999955 -0.7805429877962253 -0.666862389484735 -0.1575885890585537 -0.21473870725235814 0.03757941934569542 -0.750507110000412 -0.6113751190782842 -0.12633276824540196 -0.7422935107670455 -0.6505377525990015 -0.12431813430231706 -0.8695361290751676 -0.9700676867153131 -0.14452487045243237 
-0.06942918148047231 0.937583906364029 0.46887861233161876 -0.2526919699447277 0.341506400635953 -0.1796919835489779 0.015349004496766561 0.18729192024439067 0.6060695215819988 -0.3692066304529632 -0.1781734657979918 -0.601183083066619 -0.38164296358338173 -0.12619211708043318 0.45106809052630314 -0.20659513269195137 -0.44798916384295207 0.023099261180048028 -0.2485549158272649 -0.1467402371918562 -0.284603211651754 -0.013043448771600007 -0.7755291521402898 -0.29858766489596167 -0.03875564486968819 -0.22804388555558985 -0.2576574294828577 -0.2189803214808645 -0.20725344605401508 -0.22004779317603668 -0.10566034189157482 0.6646388984527578 -0.18316701294186274 0.31985985881978946 -0.038141249771959124 0.3366638199922193 -0.0384723857753485 0.6571853259752531 -0.22745748533264618 0.3796285269854068 0.5430573784806827 0.44913627638751613 0.8880152407088914 -0.435303468189196 0.6626946969160091 -0.18914913555375126 0.10407057113724777 -0.094329509169981 0.651260245170993 -0.17169902630150283 0.14121141446783392 0.15396658705862395 0.6501381415973287 -0.557553728820383 0.9815404985220896 -0.12067606125094617 0.5046421315658822 0.12143025383399214 0.029274464845576775 -0.10073279530655062 
-1.3875174039832068 0.4669729147259288 0.49166548585351544 -0.7732214561300871 0.9252738051669984 -1.2697300131492588 0.20784698200917512 -0.3632058733639358 0.7695469235539948 -0.9297367206758108 0.35034760984685764 -0.7561384649867531 0.2825012683873536 -1.0555085990700428 0.7636541281848943 -0.3446441435452189 0.8380846875331757 -0.49340376524553764 0.8382423182642026 -0.4297668325527725 0.6390167338071931 -0.5800869024948582 0.7458339917731218 0.3638610598814072 -0.0703998407696115 0.4476258049319858 -0.14116660093843922 0.368490473816527 0.06742672536219925 0.005002554166568511 0.7966105645194816 0.08326559980997383 0.03003834352066884 0.5365393385811587 0.042577206111377386 0.01053076227726584 0.39427465058262257 0.1488191845291306 0.5622781152584463 0.26526985646480894 -0.2948614452732731 -0.09905111664971046 0.020901765631149198 -0.014126934716738024 0.20587253830137361 0.5899164320610716 -0.8382913628221744 0.5795146253859086 -0.3211769722231988 0.5266523994171219 -0.47558323487014675 0.675567885891893 -1.1112404386700143 0.1074872753809876 -0.8748745830758814 0.008720898465444308 -0.859591115276514 -0.40427192897748787 -0.8525978324104937 0.3433413151771327 
0.08636742582521138 -0.7406620816696013 -0.3574347517068529 0.6509417975378278 -0.317236634257365 0.6139759214925337 -0.7543943088355047 0.2441996338812202 -0.43061382404763726 1.091331710191997 -0.31720153563398396 1.0651752430852688 -0.7029753085051148 0.4568439535866677 -0.6836037085022578 -0.002543201532973239 -0.7866212552923683 0.6398530898523078 -0.39308898355106014 0.1388594903157729 -0.5784212629075153 0.14441060392271612 0.23311611388389433 0.2992197099031217 -0.2007982532219057 -0.04068034995349057 -0.10021339445309745 0.23102577765928412 -0.1280800390753478 -0.0859798708731107 0.4460247034475887 -0.47993114833505957 0.029225364422983693 -0.727385975176182 -0.4648536562944704 -0.6397496648572908 -0.33696167780984476 -0.14154662700804477 0.028007246564740695 -0.08596757108879087 -0.4143959851299159 -0.13018598854623048 0.1373585024556652 0.15789688143789843 0.19862990418587956 -0.26465685634884195 0.49385036245597275 -0.4287323707181152 0.6765078995586978 -0.2640137226479613 0.01319503079220579 -0.23261668997010276 0.24655416752867282 -0.33802502126447154 0.6942558385983757 0.3960501336470068 0.7224453040472895 -0.3977718929480889 0.31142358245441926 0.3191267955581989 
-0.013419521135781676 0.6569740225034084 1.0065953653727944 -0.38406893436924433 0.6454354850281252 -0.5208685006347947 -0.07770689617833712 -0.5332911995810342 0.6192574618672329 -0.16098891092760567 -0.13124794669945664 -0.3614896198081737 -0.4542235243603953 -0.3946701651148525 0.08696490727904922 -0.26692079978385286 0.48822035917699 -0.44269104706982293 0.05175120755997795 -0.47993487083202396 -0.3999944833979588 -0.40542910440962443 -0.7576290341376077 0.36736821140262993 -0.7370729569870471 0.1200650243740438 -0.8446836342231828 0.019360600347334538 -0.8355505516907384 -0.36235416238461743 -0.6790463378952578 0.495315142286615 -0.3206956929250381 0.445121997554045 0.2087110858361517 0.38681067285319637 -0.015701645034038026 0.3788780880451449 0.7501381309184638 -0.21303259484494447 0.6495568437214927 0.06857996668107479 0.4807561188181385 -0.39203184760119275 0.8621916413569343 -0.2123515708659664 1.0471514741986103 0.006274530783916972 1.267435166838485 0.31370865344455334 1.3443162312299297 -0.5558678155106827 0.4106877165421869 -0.11996512444689918 1.072230471457985 0.19562259564326828 0.9032143674082107 -0.21723777376721476 1.091885242396765 -0.47269054615419637 
6 10
-1.6190996232746866 -0.1862465198724016 -1.4241556548685823 1.337682558412867 -1.6159377028897417 2.1376424811029193 -0.5601467359587647 0.20087423965273776 -0.8512408065562767 -2.310145801180578 
1.7273323311086934 -0.9301227321552632 -0.07915541614509662 -1.9806197691148877 0.14293171068426663 -2.1589639318753617 -0.1374629860361319 -4.436741129148001 2.991492326997567 1.0355566462121342 
-1.7325213686142698 0.8064874455895427 0.29894865809393445 1.7450358867131612 -0.3865343994059582 2.419062209143581 0.08329309881562917 3.746627926957227 -2.2770307964231926 -0.8693849345315569 
-0.07552717254637696 3.9730346815364084 -2.8956040720997063 -3.273545049858886 -1.307183956008203 -3.9909311059465806 -1.3859675723095852 0.10792041600258873 1.7652049198074786 -2.0335852399495042 
0.5151961369761523 -3.8273832167837547 1.5835684089889315 0.9314241314312586 2.03675552869187 -0.6587818885762974 0.29609589376069084 -1.6955682985787033 -1.5974014437356174 2.4704039736682875 
1.9400571066135905 0.5303896392908601 -1.2235999961129396 1.5763490818557926 -1.11503812356372 1.5010045478665126 -0.8680967056485109 -1.8095919601328805 0.5304125118344644 -1.283406989425516 
