2x8x4x3
0.12877424537162482 -0.22537112606193668 0.31459472485263434 0.1110995130641043
0.3463813657342256 0.08788229840828259 0.627809615205109 1.0597233818697784
0.8748305210361501 0.8443187337972509 0.7324266314687908 -0.36789726614115925
0.8726108752400623 -0.12267448024942376 0.25319918826994364 -0.11899181099202197
0.13603523716556445 -0.11176086139601943 0.2825197350721208 -0.12022328840542144
0.6259810671344135 -0.1263957796407711 0.26149267208593546 -0.1859721487239811
0.13422321281913724 -0.20299600487162706 0.1616289726499923 0.15031536821977876
0.6221892443831631 -0.08441914743960698 0.7425745496912698 -0.22989110170552976
-1.7385798626958118 -8.918260979901575 7.901806986462196 0.5483254131751766 -3.5076334922607386 -5.4415142419877816 6.169530611369351 -5.192580736699914 2.828498585729203 
-1.9415735861059205 4.429414386118939 -13.478278975021137 -6.175996958496061 9.297907544344291 4.745644057198875 6.316823040473788 4.213620935288427 1.621680215725078 
1.6576193176476792 7.170669549148848 -7.230255001731538 -0.06231119381696306 6.841573119815647 4.47205673077533 -7.592892151188127 5.866576261193581 -3.826713668912755 
-5.189437139698659 10.8906134401628 -25.30407580099997 -22.233087657271064 45.57815479749317 18.229754925946906 -47.484162392975556 12.460212651627325 62.146140256008145 
0.41259728749111363 -0.20735755325980318 0.3574491458553123 -2.6168402211720547 -0.8586959753381349 
2.2028172393887977 -19.949421185138377 -19.90196241068947 16.363905386872197 -11.309188810442183 
-0.35503552775039554 17.60173336979199 19.099948956021358 -17.72104257595708 -22.84625903684046 
