2x8x4x3
0.36345001840794133 1.640919003210785 0.19431500227426798 0.14826739179649995
0.8507354192972202 -4.040104116536226 0.7057317497955643 0.42087149348762315
0.627583398963098 0.12189389872868138 0.24210726744160752 0.267707687697799
0.1641877460480601 -0.3423302997627683 0.23479313533054877 0.17171209307323784
0.41669853556826103 0.08046205593253324 0.7461590837022682 10.21280432511182
0.36221768419169287 0.5296586187377056 0.3562569791253965 -0.05002213039396349
0.6197001651794937 0.08036268246636305 0.7493231094533903 -0.2851964621602226
0.33102683601080746 -0.09143269285352472 0.7351425366545543 -1.9532271200731066
-1.1101456512515926 4.887512219853914 -1.6797071117241225 0.45712726736988846 4.9657378115932485 -10.279762469036477 3.17703451891364 10.563944462390792 -7.1663747413086405 
1.9318934358395001 -3.8939474697014234 4.929939439476735 -2.1894954157677144 -1.2405824503588203 -7.346520990378297 -3.8371209428344417 -3.7157027229068773 -4.942234056008228 
-1.2318895191308414 -0.8076775847461092 -2.285020949637269 8.020515998900205 -3.163132536643006 6.038763157177654 1.2019895935934484 -8.514669582975118 6.574281891175041 
-0.5345681402048093 4.427390866561209 -0.8545885973249502 -8.638820533272055 5.175900320766108 -1.0170832321362848 2.5981916066241943 3.6133614702799832 -2.0889966287936668 
0.4189061376327498 9.150627725053358 -18.780895876657162 -26.7445130124285 15.897477835838302 
-6.296440909278872 -24.384913452619685 23.350316113512413 -3.9059752285107754 21.992070208739747 
-0.9964153432467466 7.908499680206751 -55.54809261308789 12.742264701820238 -23.85759885507786 
