2x8x3
0.87905392185254 0.13258066856867354 0.2531011917432602 0.13666867488096188
0.6202460778351736 -0.0635096774207564 0.7471802823212839 -0.27260741545899375
0.6245879268134155 -0.10855249821745659 0.2586422141062823 -0.2570142230605611
0.8684909995746517 39.68746277448326 0.7263968171908631 -0.583022119943942
0.36862660661451613 0.07874493983396112 0.7379062410821354 -0.18202796910918
0.3749297044430366 -0.2814366448540296 0.26898377519124694 0.4694730660639187
0.10664850642408254 -0.06589944458285506 0.22383729255126028 0.1351549911157274
0.15484808587382862 0.09465951566492517 0.29486239902231604 -0.12513164499582594
-6.2803249842258655 47.02781548943412 72.32553005976844 -43.70394300781854 -17.0496347223131 -10.137941102006197 -12.760353079266219 33.901662533528004 20.631382060972488 
7.616512284548802 -38.83979363702652 -48.30267791105531 -12.666270714602371 24.342437925693915 -58.17199103587536 38.11628966313747 -37.74102151584184 -18.234470396860683 
-3.8830117026122535 -14.880809560063398 -29.36799103427208 57.8604439730684 -5.7802872152827165 53.307082567804216 -12.929264764289542 -22.798485268289202 -40.43159201957526 
