2x8x3
0.13091476356259243 -0.09145530552685055 0.2703918395859374 0.18405319741818393
0.3800007035499794 0.09133081852723064 0.2598200450570854 0.21024526891190196
0.3714607764396083 0.09849505377143232 0.7398329349119043 -0.23230987296312205
0.6248172712612428 -0.08642545548569641 0.7367024786904353 -0.1830998703034055
0.1307935268825079 0.08963427579308267 0.7379632899918726 0.22524511358962074
0.629587247169777 -0.12402343016707824 0.2646372337191547 0.3340153382293789
0.8638326635550467 -0.16903921421823997 0.7283741394427962 0.2425205995415807
0.919194174567011 -0.32162286762890546 0.22295013580834588 -0.3191563844781912
-0.06796510548381486 1.62006750451813 -2.905321832337872 -1.5055497577242831 -0.9619698047758689 0.6798201950363584 -0.38641704775355756 -0.42016012388432933 2.400106431477912 
2.5339617540456274 -39.75946041002422 69.10707325170422 -43.4829891274387 -19.59290443722421 40.31211906689269 -38.45098859073321 40.88708731114383 -24.01858837759945 
-1.460005204082168 -22.2727563750894 -34.47115100361725 62.377587284377086 -23.492520756748036 -15.814853498185718 53.76806881850292 -54.980636984687635 -6.721121554611445 
