2x8x3
0.1279751284650674 -0.10391439357286006 0.741337218680198 -0.24481147278441065
0.6283361667947752 0.0993974087555659 0.2604914008609181 0.2726933659377106
0.37171035788390244 -0.11239369445430265 0.7391226786169275 0.26802154405658013
0.3786046122245316 0.09540865742234896 0.26049586967690797 0.24974055961964406
0.13061491604270944 0.10664467449868868 0.26560561163888613 -0.23566872928495572
0.8708960896515948 -0.08199368616349154 0.7390302161007157 0.17807860735986764
0.620965729767132 0.07084011122495057 0.7400364227858498 0.1740149102956691
0.873162629135252 0.16605608631305585 0.2588253061741966 0.31504641692017005
0.061886315749081676 -25.286808631251024 -38.85989267500361 -14.38838531084578 -23.728507972594535 38.55952581023778 -38.61017331475391 57.27466791110073 34.87146330984141 
-0.40457754373957167 40.01455948864753 -15.160731841933359 -36.620507538336824 51.89444242929837 -34.36141289249497 44.17402152615266 -22.56148009224368 -21.94217294131756 
-0.8232959075293644 -14.792297563731461 48.72016585057475 48.33417038763285 -28.13165224718279 -23.21243272629027 -30.467980577180402 -33.53638849732661 -11.528143608432943 
