2x6x4x3
0.1663509678483289 0.19703663293953486 0.3691510609236166 0.20938327983369523
0.6589584167049426 0.10908042190577664 0.2573638508553119 -0.14623903603088426
0.3609890581413023 0.07633283969327583 0.732968299914191 -0.5121801611927291
0.1408652098049198 0.17111600253225637 0.22037801138797247 -0.23930556841806636
0.8313122536680387 0.8874684610538992 0.7040235184203917 0.7135476568987611
0.6014827824618446 -0.08150116260007036 0.3289467506912837 -1.0797344752387859
1.7134856229133906 4.9355246230359695 -10.866405063437176 -4.014921002727991 3.9283593667575665 5.28144564150952 -3.4714951566512013 
-0.28894748970696676 4.475883396542911 3.495070090657579 -26.15231274800917 4.484240862432712 -1.9531837435494197 9.31185587326318 
-0.0832624329711333 -3.337511733595038 -4.905647380041759 20.518132816658273 -2.6881527949846498 3.7914160821386704 -15.14408830718057 
-1.7035245168742723 -6.870658099056134 5.258463975324113 10.461527903126619 -9.06309538726667 -1.6273114777842417 3.357253138364447 
0.7725611244228895 20.411788709607123 -2.2159415660585005 -38.98603691812734 -17.588846414455688 
4.3806258761877475 6.467932675077371 -32.368335036344995 9.570005170842899 -40.639565143296174 
-3.4172415521974715 -17.649223891601945 -1.6315219216821717 7.196270505162234 28.020884526526377 
